V,1,2,-0.009795179
V,2,2,0.31877214
V,3,2,-0.21010491
V,4,2,0.6172526
V,5,2,0.026978917
V,6,2,0.033042956
V,7,2,0.18788955
V,8,2,-1.0838907
V,9,2,0.23427743
V,10,2,0.27076352
E,-1,600,34.573044
V,1,4,0.8090565
V,2,4,0.47783113
V,3,4,-0.438504
V,4,4,-1.0083009
V,5,4,0.5088417
V,6,4,0.63040173
V,7,4,1.435395
V,8,4,-1.0039598
V,9,4,-0.04365699
V,10,4,0.36449984
E,-1,17013,154.3244
V,1,6,0.76568884
V,2,6,0.35779026
V,3,6,0.0841247
V,4,6,-0.58564603
V,5,6,-1.188127
V,6,6,0.93212086
V,7,6,0.7341867
V,8,6,-0.14426944
V,9,6,-0.61550456
V,10,6,-1.0762486
E,-1,190,5.8806634
V,1,8,0.5861187
V,2,8,0.17157388
V,3,8,0.668689
V,4,8,0.39685416
V,5,8,-0.14481448
V,6,8,-0.26762182
V,7,8,0.17769168
V,8,8,1.0256134
V,9,8,0.26211792
V,10,8,0.64563
E,-1,105,11.660492
V,1,10,-0.05141369
V,2,10,-0.48076513
V,3,10,0.36012882
V,4,10,-0.16856939
V,5,10,0.054893363
V,6,10,-0.054724082
V,7,10,-0.5814454
V,8,10,-0.7797011
V,9,10,0.08959453
V,10,10,-0.17361298
E,-1,587,83.52771
V,1,12,1.0164746
V,2,12,-0.6399573
V,3,12,-1.2421172
V,4,12,-0.5004554
V,5,12,-0.8746897
V,6,12,-1.8422804
V,7,12,-0.36214405
V,8,12,0.8216895
V,9,12,0.59380454
V,10,12,-0.9220831
E,-1,2045,43.877453
V,1,14,-0.92118585
V,2,14,0.11080418
V,3,14,0.1243931
V,4,14,0.7198834
V,5,14,0.33388442
V,6,14,-0.109623246
V,7,14,0.100329794
V,8,14,-0.11018776
V,9,14,0.76884186
V,10,14,0.9518543
E,-1,69056,692.86505
V,1,16,-0.7450309
V,2,16,-0.8611901
V,3,16,-0.3470183
V,4,16,0.6771609
V,5,16,0.5491064
V,6,16,-0.30481473
V,7,16,-0.3550951
V,8,16,-0.803666
V,9,16,0.8616425
V,10,16,-0.62924284
E,-1,195,7.3481135
V,1,18,0.7915142
V,2,18,-0.014707119
V,3,18,0.03316081
V,4,18,1.1842299
V,5,18,0.72136265
V,6,18,0.18599324
V,7,18,-0.5057635
V,8,18,0.07327787
V,9,18,0.6252502
V,10,18,-0.4054116
E,-1,347,46.300262
V,1,20,-0.036711868
V,2,20,1.5743659
V,3,20,-0.9917934
V,4,20,-1.5883385
V,5,20,1.3253075
V,6,20,-0.06370364
V,7,20,1.3087419
V,8,20,-0.53852206
V,9,20,-1.2787555
V,10,20,-0.8746144
E,-1,123,5.160993
V,1,22,-1.1068599
V,2,22,-0.8043197
V,3,22,-0.46799076
V,4,22,-1.667071
V,5,22,-1.2497103
V,6,22,0.08014614
V,7,22,0.35420868
V,8,22,0.026258206
V,9,22,2.5622826
V,10,22,0.3800934
E,-1,371,18.888975
V,1,24,-0.90086424
V,2,24,0.2056708
V,3,24,1.2546928
V,4,24,-0.64247674
V,5,24,0.48112103
V,6,24,-0.33875248
V,7,24,2.141692
V,8,24,0.17370102
V,9,24,0.103633545
V,10,24,-0.3674416
E,-1,542,16.741854
V,1,26,-1.5686567
V,2,26,-0.09153819
V,3,26,-0.99872833
V,4,26,1.888282
V,5,26,-0.8131663
V,6,26,0.25300178
V,7,26,-0.6377545
V,8,26,0.48717508
V,9,26,0.22440773
V,10,26,2.1652198
E,-1,24420,79.429115
V,1,28,-0.44868168
V,2,28,1.0780225
V,3,28,-0.92725694
V,4,28,-2.4058142
V,5,28,0.06915044
V,6,28,0.26966786
V,7,28,-0.8367862
V,8,28,-0.9654656
V,9,28,0.5644172
V,10,28,0.46530914
E,-1,723,12.365373
V,1,30,-1.9986202
V,2,30,-0.50572515
V,3,30,-1.1362289
V,4,30,-0.4756495
V,5,30,0.06771484
V,6,30,1.6092302
V,7,30,0.38728815
V,8,30,0.33066723
V,9,30,0.7434265
V,10,30,2.2627292
E,-1,79889,151.68544
V,1,32,-0.25832295
V,2,32,-0.27037218
V,3,32,0.7094318
V,4,32,-0.2584513
V,5,32,-0.61484087
V,6,32,-0.58784455
V,7,32,-0.27088076
V,8,32,0.22475554
V,9,32,0.34018433
V,10,32,-0.038283005
E,-1,255,14.287272
V,1,34,-1.1096654
V,2,34,-0.36047325
V,3,34,0.3894002
V,4,34,-0.042460553
V,5,34,0.6655703
V,6,34,0.19971582
V,7,34,-0.53599155
V,8,34,-0.16463216
V,9,34,-1.0528694
V,10,34,1.955284
E,-1,63042,287.7133
V,1,36,-0.082531825
V,2,36,-0.33166084
V,3,36,0.091860235
V,4,36,0.27319583
V,5,36,0.6070609
V,6,36,-0.49890503
V,7,36,2.0811203
V,8,36,0.7707557
V,9,36,0.9721887
V,10,36,0.49348506
E,-1,776,33.612045
V,1,38,-0.6320553
V,2,38,0.088887036
V,3,38,-0.32335317
V,4,38,-0.682148
V,5,38,-0.18884453
V,6,38,2.886389
V,7,38,0.4020288
V,8,38,0.5854743
V,9,38,-1.2238033
V,10,38,-1.8596554
E,-1,189,5.3779635
V,1,40,0.4397953
V,2,40,1.3986188
V,3,40,1.2579594
V,4,40,1.3022591
V,5,40,0.94241303
V,6,40,0.10281186
V,7,40,1.0961037
V,8,40,-0.6525302
V,9,40,0.4004633
V,10,40,0.6695553
E,-1,130,8.696602
V,1,42,-0.7960143
V,2,42,1.0963656
V,3,42,1.1376086
V,4,42,0.09001734
V,5,42,-0.12023527
V,6,42,-0.26000115
V,7,42,-0.229246
V,8,42,-0.9283077
V,9,42,-0.25667334
V,10,42,-0.3609551
E,-1,124,16.068672
V,1,44,0.75780654
V,2,44,0.7571872
V,3,44,-0.37822613
V,4,44,0.64538115
V,5,44,0.5604436
V,6,44,1.2006578
V,7,44,-2.2740667
V,8,44,0.72148156
V,9,44,1.1173005
V,10,44,0.5608598
E,-1,142,15.099531
V,1,46,0.5008234
V,2,46,0.89433664
V,3,46,0.81084734
V,4,46,-0.0086859
V,5,46,-0.7048465
V,6,46,-0.41359004
V,7,46,1.5285314
V,8,46,0.57962584
V,9,46,-1.5864061
V,10,46,-1.1374153
E,-1,54797,306.3987
V,1,48,-0.45028004
V,2,48,0.6147151
V,3,48,-0.7728256
V,4,48,1.4247046
V,5,48,0.17356068
V,6,48,-0.9970149
V,7,48,-0.42007452
V,8,48,0.350051
V,9,48,0.15294378
V,10,48,0.12052298
E,-1,305,22.565798
V,1,50,-1.5654546
V,2,50,-0.18330339
V,3,50,1.0029864
V,4,50,-0.89959854
V,5,50,-1.1003828
V,6,50,-1.4035131
V,7,50,-0.20479801
V,8,50,0.56722605
V,9,50,1.5887411
V,10,50,0.30658415
E,-1,1039,26.738997
V,1,52,0.29756868
V,2,52,-0.88820714
V,3,52,-1.2024286
V,4,52,-0.71697706
V,5,52,0.29910153
V,6,52,0.7652848
V,7,52,-0.8883758
V,8,52,0.0061199334
V,9,52,0.5830495
V,10,52,-0.13677621
E,-1,1935,110.00667
V,1,54,1.0279549
V,2,54,-0.6970664
V,3,54,0.26579672
V,4,54,-0.334473
V,5,54,0.35921323
V,6,54,-0.19930504
V,7,54,-0.8795063
V,8,54,-0.22476645
V,9,54,-1.9786845
V,10,54,0.5578251
E,-1,1305,28.430061
V,1,56,0.45560753
V,2,56,0.75723326
V,3,56,1.5169094
V,4,56,0.27084282
V,5,56,0.57830137
V,6,56,-0.8426646
V,7,56,0.08022848
V,8,56,0.39066392
V,9,56,-0.40242422
V,10,56,0.0825731
E,-1,1960,265.12888
V,1,58,0.8555944
V,2,58,1.0709971
V,3,58,-1.8046825
V,4,58,0.65795565
V,5,58,1.0854
V,6,58,-0.1093811
V,7,58,-0.41724044
V,8,58,-0.64480865
V,9,58,0.7713501
V,10,58,-0.8660494
E,-1,153,1.4338402
V,1,60,0.1434407
V,2,60,0.0047721607
V,3,60,-0.9117166
V,4,60,-1.4067863
V,5,60,1.017272
V,6,60,-1.3486636
V,7,60,1.1805912
V,8,60,0.668091
V,9,60,0.20105708
V,10,60,-0.0725402
E,-1,173,4.5291004
