V,1,1,0.3272183
V,2,1,-0.40389654
V,3,1,0.32369345
V,4,1,0.65117735
V,5,1,-0.2236519
V,6,1,0.35472968
V,7,1,0.16400404
V,8,1,0.46929798
V,9,1,-0.72171277
V,10,1,-0.93793285
E,-1,64590,554.7296
V,1,3,2.6000323
V,2,3,0.2678588
V,3,3,-0.058441997
V,4,3,0.15295056
V,5,3,-0.29047695
V,6,3,-1.7280936
V,7,3,-0.99234456
V,8,3,1.3187379
V,9,3,0.8381931
V,10,3,0.59320974
E,-1,983,18.34726
V,1,5,1.3115661
V,2,5,1.4627299
V,3,5,-0.7116145
V,4,5,0.4155959
V,5,5,-0.36035326
V,6,5,-2.4080112
V,7,5,-0.21935163
V,8,5,1.6823658
V,9,5,-0.24583477
V,10,5,-0.41820928
E,-1,819,28.359165
V,1,7,-0.13341963
V,2,7,-0.08302302
V,3,7,0.33040497
V,4,7,0.01117865
V,5,7,-0.5686151
V,6,7,-0.061411772
V,7,7,1.4361264
V,8,7,-0.91642064
V,9,7,0.11804156
V,10,7,-0.1473334
E,-1,308,7.8959794
V,1,9,0.8157093
V,2,9,1.2798402
V,3,9,1.4916439
V,4,9,1.6190661
V,5,9,0.92721933
V,6,9,0.48378074
V,7,9,-1.1402107
V,8,9,1.1175954
V,9,9,-0.5439146
V,10,9,1.1310056
E,-1,402,9.212436
V,1,11,0.09400016
V,2,11,-1.4009893
V,3,11,-0.6715706
V,4,11,1.138526
V,5,11,0.96726245
V,6,11,1.5709083
V,7,11,-0.6374055
V,8,11,-0.49246368
V,9,11,-0.5515124
V,10,11,1.202775
E,-1,200,11.475824
V,1,13,0.27200082
V,2,13,1.0331382
V,3,13,-0.2497249
V,4,13,-0.31781822
V,5,13,0.4752967
V,6,13,0.46345598
V,7,13,-1.3319608
V,8,13,2.5246272
V,9,13,0.60595095
V,10,13,-1.9913256
E,-1,319,4.660588
V,1,15,-0.04401464
V,2,15,-0.292465
V,3,15,0.32514608
V,4,15,0.08233441
V,5,15,0.6150989
V,6,15,2.130944
V,7,15,-0.012954889
V,8,15,-1.0100844
V,9,15,0.061494026
V,10,15,-1.2545629
E,-1,131,10.90225
V,1,17,-0.09483919
V,2,17,0.1919674
V,3,17,-0.8385657
V,4,17,0.86017144
V,5,17,-0.6920248
V,6,17,-0.40723768
V,7,17,1.602489
V,8,17,1.4489375
V,9,17,0.7580504
V,10,17,-2.2508645
E,-1,3221,70.09673
V,1,19,0.32040218
V,2,19,1.2505343
V,3,19,-0.6762671
V,4,19,0.74249166
V,5,19,0.1927181
V,6,19,1.5096486
V,7,19,0.4003994
V,8,19,0.17745863
V,9,19,1.658094
V,10,19,0.30327246
E,-1,1715,27.207544
V,1,21,-1.0386896
V,2,21,2.337044
V,3,21,-1.5525519
V,4,21,-0.34907672
V,5,21,-0.76081735
V,6,21,1.0589273
V,7,21,2.1781566
V,8,21,-0.708668
V,9,21,0.7776008
V,10,21,0.6149377
E,-1,94,3.6911042
V,1,23,0.669486
V,2,23,-0.5540679
V,3,23,0.12630029
V,4,23,0.8437117
V,5,23,-1.5396262
V,6,23,-1.3632739
V,7,23,0.26590648
V,8,23,-1.3218803
V,9,23,0.421256
V,10,23,-1.5044534
E,-1,878,35.93472
V,1,25,-0.7812377
V,2,25,1.0021553
V,3,25,0.8206079
V,4,25,1.3872288
V,5,25,0.76682293
V,6,25,0.865898
V,7,25,-0.4188283
V,8,25,0.67335397
V,9,25,-2.1759484
V,10,25,-1.3376889
E,-1,2201,35.039295
V,1,27,-0.80319864
V,2,27,-0.008555885
V,3,27,-0.09755673
V,4,27,1.2869736
V,5,27,-0.34567654
V,6,27,-0.45902646
V,7,27,-0.093494266
V,8,27,0.5776967
V,9,27,0.24518953
V,10,27,0.154799
E,-1,307,47.880737
V,1,29,0.09070879
V,2,29,0.24668479
V,3,29,1.0738357
V,4,29,0.92943
V,5,29,1.2023154
V,6,29,0.69955313
V,7,29,-0.571029
V,8,29,1.7563773
V,9,29,-0.9547176
V,10,29,0.34778866
E,-1,885,23.887531
V,1,31,-1.2125069
V,2,31,0.12281654
V,3,31,-0.10902125
V,4,31,0.18910989
V,5,31,-0.66281193
V,6,31,0.103847355
V,7,31,0.2119131
V,8,31,-0.37914425
V,9,31,-0.1775661
V,10,31,0.2128772
E,-1,17044,370.05933
V,1,33,0.639059
V,2,33,0.53205854
V,3,33,0.22752228
V,4,33,-0.15913293
V,5,33,-1.7011838
V,6,33,-0.90272987
V,7,33,-0.5754606
V,8,33,1.314531
V,9,33,2.8588786
V,10,33,-0.1853117
E,-1,8868,32.446438
V,1,35,0.31921306
V,2,35,0.8175553
V,3,35,-1.3440965
V,4,35,0.15640399
V,5,35,0.5140445
V,6,35,0.34330222
V,7,35,1.0517454
V,8,35,0.4756062
V,9,35,0.5493021
V,10,35,0.9071735
E,-1,298,24.183216
V,1,37,-0.83062136
V,2,37,-0.59819484
V,3,37,0.89944184
V,4,37,-0.23897563
V,5,37,0.24897957
V,6,37,0.5221655
V,7,37,0.58059734
V,8,37,-0.41502482
V,9,37,-0.5916442
V,10,37,0.8917334
E,-1,1477,44.63239
V,1,39,1.9164579
V,2,39,-0.49913028
V,3,39,0.9219775
V,4,39,0.079202734
V,5,39,0.21994041
V,6,39,-0.3998593
V,7,39,-0.55035305
V,8,39,0.81248486
V,9,39,1.2393695
V,10,39,-2.9054828
E,-1,544,12.807515
V,1,41,1.1016148
V,2,41,-0.18579274
V,3,41,0.34331843
V,4,41,1.0699108
V,5,41,0.78181845
V,6,41,-2.763995
V,7,41,1.1378894
V,8,41,-0.9237722
V,9,41,0.92450404
V,10,41,1.6012866
E,-1,4221,28.414125
V,1,43,0.5353918
V,2,43,0.38056883
V,3,43,1.2096094
V,4,43,-0.23309007
V,5,43,-1.412865
V,6,43,-1.6089178
V,7,43,-1.4733573
V,8,43,-0.16160645
V,9,43,0.3146915
V,10,43,-0.031281643
E,-1,476,15.339812
V,1,45,-0.15461989
V,2,45,-0.71065235
V,3,45,-0.5362622
V,4,45,-0.061331645
V,5,45,0.48519498
V,6,45,0.26312524
V,7,45,1.2489291
V,8,45,1.3838346
V,9,45,-0.14618638
V,10,45,-1.2847502
E,-1,188,4.30818
V,1,47,-0.032548934
V,2,47,0.42927164
V,3,47,0.65597206
V,4,47,-0.3633924
V,5,47,0.57955045
V,6,47,0.18000911
V,7,47,-0.17049189
V,8,47,-0.92182904
V,9,47,-1.277194
V,10,47,-1.2714775
E,-1,275,3.24933
V,1,49,0.2649174
V,2,49,-0.25797722
V,3,49,0.013853097
V,4,49,1.428281
V,5,49,-0.49129304
V,6,49,-1.5019392
V,7,49,0.49312702
V,8,49,-0.83206946
V,9,49,1.9141514
V,10,49,0.049273316
E,-1,322,11.832332
V,1,51,-0.19240366
V,2,51,-0.35660583
V,3,51,0.5979098
V,4,51,-0.4324337
V,5,51,0.5155449
V,6,51,0.91156983
V,7,51,0.6369433
V,8,51,-0.84083116
V,9,51,-0.009025456
V,10,51,0.60271364
E,-1,2284,94.82488
V,1,53,0.6608565
V,2,53,0.637691
V,3,53,0.18453771
V,4,53,-0.050127096
V,5,53,0.5208051
V,6,53,0.2683663
V,7,53,0.53169835
V,8,53,-0.88284713
V,9,53,1.720981
V,10,53,-0.030957423
E,-1,2271,116.29385
V,1,55,1.4566602
V,2,55,-0.21842152
V,3,55,0.091858655
V,4,55,-0.08254417
V,5,55,0.7032437
V,6,55,0.43976277
V,7,55,-0.69396603
V,8,55,-0.7689373
V,9,55,-1.6011348
V,10,55,-0.88164145
E,-1,1198,27.242634
V,1,57,-0.43514612
V,2,57,-1.9617554
V,3,57,-0.9639841
V,4,57,-0.10431475
V,5,57,-0.70055795
V,6,57,0.44793263
V,7,57,-0.8345627
V,8,57,-0.57026285
V,9,57,0.58680093
V,10,57,-0.947759
E,-1,16890,243.8468
V,1,59,0.41050884
V,2,59,-0.12429283
V,3,59,-0.064544246
V,4,59,-0.08964327
V,5,59,-1.6212808
V,6,59,-0.33422577
V,7,59,-0.6069909
V,8,59,-1.0697052
V,9,59,-0.0047697783
V,10,59,0.2850433
E,-1,848,15.563003
