61	1.0,1.8841746458608108E-4,1.8838197013289489E-4
62	1.0,8.559628512122574E-4,8.552308054136111E-4
63	1.0,6.633712096894994E-4,6.629314400581668E-4
64	1.0,0.0018389941827735034,0.001835618491046677
65	1.0,6.847702809698059E-4,6.843016915082437E-4
66	1.0,1.5012197410395946E-4,1.5009944087958273E-4
67	1.0,5.991739958485802E-4,5.988152013516114E-4
68	1.0,0.0013053433480986925,0.001303641648144982
69	1.0,7.022832770935749E-4,7.017904214165897E-4
70	1.0,9.194970913867517E-4,9.186523931832242E-4
71	1.0,8.987609937728703E-4,8.979539477903919E-4
72	1.0,0.005344204450077937,0.005315795750770961
73	1.0,0.0021204728842184276,0.002115985993296257
74	1.0,0.004044424471977916,0.004028132992327366
75	1.0,0.0010133233252017264,0.0010122975404919016
76	1.0,0.013041846500281479,0.012873946466611096
77	1.0,0.042503283918183525,0.04077040770407704
78	1.0,0.0042156170422203675,0.004197920218206614
79	1.0,0.014679762898290214,0.014467385115043127
80	1.0,0.08140206715028568,0.07527456218462453
