0:1345,1;588,1;1647,1;1576,1;851,1;241,1;1845,1;388,1;558,1;1653,1;1114,1;1383,1;
1:461,1;
2:845,1;1606,1;672,1;
3:370,1;1309,1;
4:1328,1;1209,1;131,1;
5:1210,1;589,1;
6:780,1;1559,1;1085,1;
7:637,1;1353,1;993,1;
8:186,1;586,1;1672,1;1,1;
9:97,1;
10:283,1;
11:1199,1;1093,1;910,1;
12:618,1;619,1;772,1;1475,1;111,1;588,1;919,1;848,1;1818,1;1331,1;1046,1;1763,1;1294,1;210,1;583,1;1111,1;87,1;763,1;1477,1;118,1;827,1;1548,1;203,1;1067,1;
13:801,1;492,1;1766,1;1845,1;592,1;1137,1;1694,1;714,1;795,1;381,1;352,1;1521,1;
14:800,1;1767,1;1225,1;369,1;1685,1;686,1;588,1;1676,1;1209,1;1845,1;1851,1;490,1;1238,1;1288,1;718,1;296,1;67,1;1098,1;1607,1;625,1;1515,1;1330,1;917,1;1507,1;1206,1;1811,1;230,1;470,1;679,1;1797,1;373,1;295,1;1091,1;1148,1;798,1;1287,1;374,1;503,1;79,1;757,1;29,1;1414,1;1401,1;1198,1;1393,1;794,1;504,1;705,1;550,1;1708,1;1771,1;849,1;421,1;74,1;1364,1;1805,1;1246,1;996,1;1432,1;184,1;291,1;1465,1;509,1;985,1;594,1;1740,1;1769,1;741,1;1459,1;1116,1;1315,1;905,1;1513,1;1773,1;313,1;481,1;1541,1;3,1;1404,1;1700,1;206,1;1539,1;1374,1;1480,1;75,1;629,1;915,1;98,1;1791,1;439,1;712,1;1452,1;1501,1;1412,1;979,1;633,1;
15:1151,1;1019,1;1226,1;135,1;672,1;156,1;1516,1;1544,1;
16:685,1;287,1;588,1;860,1;848,1;928,1;987,1;844,1;664,1;1387,1;1421,1;2,1;329,1;1730,1;1599,1;
17:1050,1;851,1;1845,1;1490,1;1511,1;414,1;1234,1;1732,1;1388,1;103,1;1816,1;796,1;506,1;
18:172,1;1085,1;1504,1;
19:1267,1;588,1;889,1;1593,1;848,1;1251,1;627,1;1702,1;982,1;1416,1;1615,1;432,1;511,1;361,1;
20:1849,1;131,1;
21:45,1;669,1;589,1;
22:1199,1;1845,1;163,1;1574,1;400,1;1154,1;529,1;944,1;53,1;1130,1;1386,1;1506,1;912,1;
23:588,1;851,1;1309,1;1683,1;1129,1;354,1;1025,1;1244,1;251,1;121,1;662,1;692,1;995,1;914,1;341,1;922,1;505,1;698,1;281,1;886,1;516,1;431,1;717,1;1588,1;1610,1;1380,1;
24:1178,1;556,1;1281,1;637,1;1209,1;1085,1;83,1;890,1;78,1;1331,1;1624,1;1074,1;214,1;164,1;549,1;1505,1;284,1;1443,1;1762,1;538,1;1212,1;1810,1;1120,1;1678,1;1477,1;444,1;1157,1;986,1;
25:1210,1;1309,1;12,1;237,1;288,1;645,1;181,1;1301,1;
26:1353,1;
27:880,1;1576,1;574,1;672,1;
28:1231,1;1341,1;1742,1;1845,1;
29:122,1;1606,1;491,1;848,1;
30:773,1;588,1;492,1;1766,1;1309,1;1068,1;1658,1;1487,1;1422,1;327,1;897,1;328,1;682,1;1330,1;228,1;1216,1;573,1;408,1;272,1;360,1;74,1;647,1;378,1;1831,1;533,1;671,1;1595,1;1718,1;1380,1;
31:780,1;461,1;1052,1;387,1;1406,1;
32:637,1;241,1;
33:502,1;689,1;686,1;588,1;1209,1;1309,1;1027,1;961,1;23,1;1098,1;148,1;1736,1;1351,1;882,1;659,1;677,1;1332,1;636,1;30,1;373,1;914,1;579,1;374,1;855,1;1198,1;1393,1;1841,1;1044,1;504,1;1743,1;785,1;494,1;1024,1;1556,1;431,1;213,1;1317,1;1499,1;169,1;1361,1;65,1;197,1;950,1;835,1;1544,1;1480,1;75,1;1433,1;399,1;1458,1;
34:545,1;1712,1;975,1;588,1;1759,1;722,1;135,1;131,1;189,1;868,1;649,1;1074,1;1709,1;1463,1;1550,1;1842,1;593,1;
35:832,1;1050,1;851,1;1309,1;1574,1;1363,1;1371,1;345,1;865,1;854,1;1356,1;1130,1;1021,1;
36:685,1;1400,1;588,1;919,1;993,1;1523,1;58,1;290,1;365,1;1104,1;
37:801,1;1647,1;1845,1;1852,1;130,1;606,1;
38:301,1;1085,1;
39:370,1;1766,1;461,1;1609,1;196,1;544,1;1409,1;
40:1328,1;1093,1;910,1;
41:1184,1;1209,1;1672,1;993,1;1346,1;
42:588,1;1606,1;1309,1;113,1;1229,1;1500,1;233,1;1273,1;850,1;733,1;1789,1;112,1;788,1;1703,1;576,1;1746,1;239,1;1729,1;1514,1;842,1;1278,1;
43:618,1;1823,1;82,1;1600,1;588,1;1125,1;1559,1;1766,1;848,1;1094,1;215,1;1818,1;622,1;1046,1;1411,1;585,1;1205,1;1291,1;583,1;1147,1;1730,1;104,1;1566,1;1464,1;984,1;1604,1;732,1;1204,1;1067,1;
44:1124,1;1080,1;1845,1;
45:637,1;851,1;461,1;351,1;1552,1;109,1;177,1;487,1;602,1;395,1;1786,1;1243,1;
46:1226,1;672,1;
47:801,1;1390,1;1606,1;186,1;1309,1;1136,1;1537,1;1299,1;1170,1;892,1;430,1;1079,1;950,1;
48:588,1;806,1;135,1;131,1;1219,1;1172,1;549,1;1790,1;1418,1;595,1;684,1;597,1;1682,1;279,1;
49:1210,1;1559,1;461,1;739,1;952,1;1608,1;258,1;807,1;1013,1;1301,1;
50:1151,1;135,1;1085,1;423,1;1734,1;
51:872,1;686,1;588,1;1676,1;1209,1;1845,1;101,1;490,1;1061,1;1027,1;23,1;437,1;1736,1;1500,1;139,1;230,1;1797,1;373,1;980,1;956,1;295,1;1168,1;29,1;1321,1;1805,1;1113,1;1483,1;4,1;1810,1;291,1;509,1;1469,1;1740,1;458,1;317,1;957,1;379,1;1222,1;1315,1;1603,1;639,1;439,1;340,1;
52:1739,1;942,1;1545,1;588,1;860,1;1766,1;1309,1;1538,1;823,1;1298,1;1811,1;812,1;670,1;1554,1;1830,1;366,1;572,1;1134,1;833,1;197,1;
53:780,1;1559,1;1085,1;1809,1;1846,1;1693,1;769,1;727,1;
54:1611,1;588,1;492,1;1606,1;461,1;1439,1;1155,1;1619,1;344,1;230,1;1583,1;1462,1;1848,1;211,1;200,1;35,1;864,1;985,1;1659,1;1014,1;994,1;1527,1;552,1;1673,1;
55:609,1;236,1;1845,1;
56:1199,1;1647,1;1309,1;1366,1;40,1;1495,1;
57:1328,1;1209,1;889,1;672,1;1470,1;1280,1;1308,1;1795,1;1786,1;134,1;
58:1849,1;131,1;
59:637,1;1606,1;1451,1;590,1;
60:626,1;1728,1;1508,1;1475,1;82,1;588,1;680,1;283,1;919,1;848,1;215,1;1772,1;1763,1;661,1;1824,1;118,1;984,1;471,1;617,1;1067,1;
61:136,1;461,1;
62:1569,1;1281,1;1689,1;872,1;1685,1;588,1;1209,1;1845,1;377,1;125,1;718,1;1034,1;1349,1;570,1;956,1;1756,1;675,1;757,1;69,1;1743,1;1708,1;1173,1;1553,1;814,1;1342,1;1483,1;44,1;1488,1;1773,1;1603,1;65,1;1544,1;399,1;604,1;789,1;
63:1019,1;586,1;1309,1;561,1;
64:1210,1;993,1;
65:1127,1;588,1;1576,1;851,1;672,1;217,1;1370,1;1616,1;989,1;1146,1;372,1;622,1;551,1;1340,1;108,1;1577,1;1430,1;1203,1;
66:1184,1;1647,1;186,1;241,1;574,1;589,1;
67:637,1;1606,1;860,1;1085,1;101,1;226,1;235,1;868,1;1270,1;1148,1;758,1;738,1;1573,1;1488,1;10,1;1499,1;
68:492,1;1559,1;1353,1;1766,1;1658,1;1487,1;
69:41,1;1728,1;588,1;1425,1;135,1;848,1;1517,1;1075,1;139,1;497,1;451,1;583,1;457,1;1477,1;
70:801,1;1209,1;889,1;1845,1;217,1;874,1;1653,1;209,1;1482,1;442,1;914,1;1091,1;932,1;566,1;65,1;
71:588,1;851,1;461,1;839,1;1713,1;1054,1;496,1;850,1;733,1;960,1;394,1;559,1;1087,1;9,1;1465,1;305,1;1306,1;34,1;979,1;
72:243,1;1199,1;1647,1;1353,1;1309,1;163,1;1567,1;1650,1;968,1;400,1;532,1;1804,1;1506,1;1737,1;899,1;
73:1685,1;1328,1;1151,1;860,1;97,1;672,1;62,1;1743,1;1527,1;318,1;
74:545,1;619,1;588,1;186,1;919,1;848,1;49,1;1505,1;263,1;871,1;1264,1;365,1;1295,1;468,1;206,1;
75:880,1;1576,1;574,1;131,1;
76:637,1;851,1;1431,1;
77:845,1;1083,1;236,1;1845,1;
78:1183,1;1727,1;588,1;1209,1;851,1;586,1;1309,1;1683,1;1760,1;32,1;1202,1;1713,1;682,1;882,1;1330,1;193,1;228,1;354,1;1005,1;230,1;1665,1;607,1;1025,1;1349,1;1039,1;201,1;1244,1;294,1;324,1;1551,1;251,1;121,1;1003,1;582,1;636,1;662,1;692,1;904,1;725,1;847,1;995,1;914,1;1091,1;145,1;341,1;922,1;505,1;798,1;1143,1;698,1;179,1;855,1;1035,1;79,1;1169,1;29,1;281,1;886,1;1414,1;516,1;504,1;18,1;983,1;356,1;1556,1;431,1;51,1;935,1;784,1;599,1;605,1;1272,1;1152,1;197,1;1795,1;1786,1;167,1;1588,1;1539,1;1757,1;729,1;1610,1;1458,1;1380,1;633,1;340,1;
79:41,1;588,1;241,1;1672,1;491,1;848,1;1702,1;1162,1;214,1;933,1;693,1;182,1;190,1;87,1;118,1;612,1;308,1;1207,1;1204,1;
80:651,1;1328,1;1766,1;1085,1;1825,1;873,1;
81:801,1;1606,1;1309,1;245,1;940,1;1289,1;1196,1;160,1;
82:1555,1;1093,1;461,1;
83:588,1;135,1;1309,1;183,1;837,1;1462,1;324,1;1652,1;1170,1;1594,1;1138,1;1781,1;541,1;420,1;1504,1;568,1;512,1;1688,1;
84:1807,1;1606,1;1559,1;1845,1;474,1;1071,1;55,1;1112,1;68,1;1307,1;
85:1425,1;97,1;1085,1;
86:556,1;1127,1;1823,1;1508,1;772,1;685,1;945,1;1475,1;1600,1;588,1;722,1;919,1;131,1;654,1;1060,1;126,1;
87:880,1;1209,1;589,1;
