1,0.3272183,-0.40389654,0.32369345,0.65117735,-0.2236519,0.35472968,0.16400404,0.46929798,-0.72171277,-0.93793285,
2,-0.009795179,0.31877214,-0.21010491,0.6172526,0.026978917,0.033042956,0.18788955,-1.0838907,0.23427743,0.27076352,
3,2.6000323,0.2678588,-0.058441997,0.15295056,-0.29047695,-1.7280936,-0.99234456,1.3187379,0.8381931,0.59320974,
4,0.8090565,0.47783113,-0.438504,-1.0083009,0.5088417,0.63040173,1.435395,-1.0039598,-0.04365699,0.36449984,
5,1.3115661,1.4627299,-0.7116145,0.4155959,-0.36035326,-2.4080112,-0.21935163,1.6823658,-0.24583477,-0.41820928,
6,0.76568884,0.35779026,0.0841247,-0.58564603,-1.188127,0.93212086,0.7341867,-0.14426944,-0.61550456,-1.0762486,
7,-0.13341963,-0.08302302,0.33040497,0.01117865,-0.5686151,-0.061411772,1.4361264,-0.91642064,0.11804156,-0.1473334,
8,0.5861187,0.17157388,0.668689,0.39685416,-0.14481448,-0.26762182,0.17769168,1.0256134,0.26211792,0.64563,
9,0.8157093,1.2798402,1.4916439,1.6190661,0.92721933,0.48378074,-1.1402107,1.1175954,-0.5439146,1.1310056,
10,-0.05141369,-0.48076513,0.36012882,-0.16856939,0.054893363,-0.054724082,-0.5814454,-0.7797011,0.08959453,-0.17361298,
11,0.09400016,-1.4009893,-0.6715706,1.138526,0.96726245,1.5709083,-0.6374055,-0.49246368,-0.5515124,1.202775,
12,1.0164746,-0.6399573,-1.2421172,-0.5004554,-0.8746897,-1.8422804,-0.36214405,0.8216895,0.59380454,-0.9220831,
13,0.27200082,1.0331382,-0.2497249,-0.31781822,0.4752967,0.46345598,-1.3319608,2.5246272,0.60595095,-1.9913256,
14,-0.92118585,0.11080418,0.1243931,0.7198834,0.33388442,-0.109623246,0.100329794,-0.11018776,0.76884186,0.9518543,
15,-0.04401464,-0.292465,0.32514608,0.08233441,0.6150989,2.130944,-0.012954889,-1.0100844,0.061494026,-1.2545629,
16,-0.7450309,-0.8611901,-0.3470183,0.6771609,0.5491064,-0.30481473,-0.3550951,-0.803666,0.8616425,-0.62924284,
17,-0.09483919,0.1919674,-0.8385657,0.86017144,-0.6920248,-0.40723768,1.602489,1.4489375,0.7580504,-2.2508645,
18,0.7915142,-0.014707119,0.03316081,1.1842299,0.72136265,0.18599324,-0.5057635,0.07327787,0.6252502,-0.4054116,
19,0.32040218,1.2505343,-0.6762671,0.74249166,0.1927181,1.5096486,0.4003994,0.17745863,1.658094,0.30327246,
20,-0.036711868,1.5743659,-0.9917934,-1.5883385,1.3253075,-0.06370364,1.3087419,-0.53852206,-1.2787555,-0.8746144,
21,-1.0386896,2.337044,-1.5525519,-0.34907672,-0.76081735,1.0589273,2.1781566,-0.708668,0.7776008,0.6149377,
22,-1.1068599,-0.8043197,-0.46799076,-1.667071,-1.2497103,0.08014614,0.35420868,0.026258206,2.5622826,0.3800934,
23,0.669486,-0.5540679,0.12630029,0.8437117,-1.5396262,-1.3632739,0.26590648,-1.3218803,0.421256,-1.5044534,
24,-0.90086424,0.2056708,1.2546928,-0.64247674,0.48112103,-0.33875248,2.141692,0.17370102,0.103633545,-0.3674416,
25,-0.7812377,1.0021553,0.8206079,1.3872288,0.76682293,0.865898,-0.4188283,0.67335397,-2.1759484,-1.3376889,
26,-1.5686567,-0.09153819,-0.99872833,1.888282,-0.8131663,0.25300178,-0.6377545,0.48717508,0.22440773,2.1652198,
27,-0.80319864,-0.008555885,-0.09755673,1.2869736,-0.34567654,-0.45902646,-0.093494266,0.5776967,0.24518953,0.154799,
28,-0.44868168,1.0780225,-0.92725694,-2.4058142,0.06915044,0.26966786,-0.8367862,-0.9654656,0.5644172,0.46530914,
29,0.09070879,0.24668479,1.0738357,0.92943,1.2023154,0.69955313,-0.571029,1.7563773,-0.9547176,0.34778866,
30,-1.9986202,-0.50572515,-1.1362289,-0.4756495,0.06771484,1.6092302,0.38728815,0.33066723,0.7434265,2.2627292,
31,-1.2125069,0.12281654,-0.10902125,0.18910989,-0.66281193,0.103847355,0.2119131,-0.37914425,-0.1775661,0.2128772,
32,-0.25832295,-0.27037218,0.7094318,-0.2584513,-0.61484087,-0.58784455,-0.27088076,0.22475554,0.34018433,-0.038283005,
33,0.639059,0.53205854,0.22752228,-0.15913293,-1.7011838,-0.90272987,-0.5754606,1.314531,2.8588786,-0.1853117,
34,-1.1096654,-0.36047325,0.3894002,-0.042460553,0.6655703,0.19971582,-0.53599155,-0.16463216,-1.0528694,1.955284,
35,0.31921306,0.8175553,-1.3440965,0.15640399,0.5140445,0.34330222,1.0517454,0.4756062,0.5493021,0.9071735,
36,-0.082531825,-0.33166084,0.091860235,0.27319583,0.6070609,-0.49890503,2.0811203,0.7707557,0.9721887,0.49348506,
37,-0.83062136,-0.59819484,0.89944184,-0.23897563,0.24897957,0.5221655,0.58059734,-0.41502482,-0.5916442,0.8917334,
38,-0.6320553,0.088887036,-0.32335317,-0.682148,-0.18884453,2.886389,0.4020288,0.5854743,-1.2238033,-1.8596554,
39,1.9164579,-0.49913028,0.9219775,0.079202734,0.21994041,-0.3998593,-0.55035305,0.81248486,1.2393695,-2.9054828,
40,0.4397953,1.3986188,1.2579594,1.3022591,0.94241303,0.10281186,1.0961037,-0.6525302,0.4004633,0.6695553,
41,1.1016148,-0.18579274,0.34331843,1.0699108,0.78181845,-2.763995,1.1378894,-0.9237722,0.92450404,1.6012866,
42,-0.7960143,1.0963656,1.1376086,0.09001734,-0.12023527,-0.26000115,-0.229246,-0.9283077,-0.25667334,-0.3609551,
43,0.5353918,0.38056883,1.2096094,-0.23309007,-1.412865,-1.6089178,-1.4733573,-0.16160645,0.3146915,-0.031281643,
44,0.75780654,0.7571872,-0.37822613,0.64538115,0.5604436,1.2006578,-2.2740667,0.72148156,1.1173005,0.5608598,
45,-0.15461989,-0.71065235,-0.5362622,-0.061331645,0.48519498,0.26312524,1.2489291,1.3838346,-0.14618638,-1.2847502,
46,0.5008234,0.89433664,0.81084734,-0.0086859,-0.7048465,-0.41359004,1.5285314,0.57962584,-1.5864061,-1.1374153,
47,-0.032548934,0.42927164,0.65597206,-0.3633924,0.57955045,0.18000911,-0.17049189,-0.92182904,-1.277194,-1.2714775,
48,-0.45028004,0.6147151,-0.7728256,1.4247046,0.17356068,-0.9970149,-0.42007452,0.350051,0.15294378,0.12052298,
49,0.2649174,-0.25797722,0.013853097,1.428281,-0.49129304,-1.5019392,0.49312702,-0.83206946,1.9141514,0.049273316,
50,-1.5654546,-0.18330339,1.0029864,-0.89959854,-1.1003828,-1.4035131,-0.20479801,0.56722605,1.5887411,0.30658415,
51,-0.19240366,-0.35660583,0.5979098,-0.4324337,0.5155449,0.91156983,0.6369433,-0.84083116,-0.009025456,0.60271364,
52,0.29756868,-0.88820714,-1.2024286,-0.71697706,0.29910153,0.7652848,-0.8883758,0.0061199334,0.5830495,-0.13677621,
53,0.6608565,0.637691,0.18453771,-0.050127096,0.5208051,0.2683663,0.53169835,-0.88284713,1.720981,-0.030957423,
54,1.0279549,-0.6970664,0.26579672,-0.334473,0.35921323,-0.19930504,-0.8795063,-0.22476645,-1.9786845,0.5578251,
55,1.4566602,-0.21842152,0.091858655,-0.08254417,0.7032437,0.43976277,-0.69396603,-0.7689373,-1.6011348,-0.88164145,
56,0.45560753,0.75723326,1.5169094,0.27084282,0.57830137,-0.8426646,0.08022848,0.39066392,-0.40242422,0.0825731,
57,-0.43514612,-1.9617554,-0.9639841,-0.10431475,-0.70055795,0.44793263,-0.8345627,-0.57026285,0.58680093,-0.947759,
58,0.8555944,1.0709971,-1.8046825,0.65795565,1.0854,-0.1093811,-0.41724044,-0.64480865,0.7713501,-0.8660494,
59,0.41050884,-0.12429283,-0.064544246,-0.08964327,-1.6212808,-0.33422577,-0.6069909,-1.0697052,-0.0047697783,0.2850433,
60,0.1434407,0.0047721607,-0.9117166,-1.4067863,1.017272,-1.3486636,1.1805912,0.668091,0.20105708,-0.0725402,
