1,1380,1769,499,1256,827,64,1258,1832,1152,600,1251
2,781,359,1214,261,64,1258,63
3,608,781,1272,376,1210,816,825,1704,610,100,701,1236,929,661
4,1258
5,
6,1391,710,1106,1258,1579,793,632,1577,416,46,530,83,473,1371
7,1769,620,779,499,1294,1431,64,1258,1525,1000,450,1002,1251,15
8,1769,1256,285,1360
9,620,592,1258
10,781,376,1210,463,1693,863,637
11,845,1256,1294,816,76,565,1637
12,1769,1106,1431,64,1258,485,40,902,961
13,1769,499,1256,1106,816,1608,982,1599,174,1008
14,1769,1256,1258,955,1329,1551,1786,493
15,620,1256,64,816
16,1391,1256,1106,1210,463,816,1850
17,653,1769,1256,1106,816,1660,441,1004,269,613,1732,771
18,
19,1769,1106,1258,1360,1043,1111,382,1723,1036,185,1390,1436,1804,1046,635,1266,1670,1649,923
20,1769,376,1256,1642,816
21,1269,1353,376,1210,1557
22,1769,499,1256,1294,64,925,795
23,1769,1256,1106,261,1642,153,1557,1362,1732
24,781,1106,816
25,977,1256,1214,1431,261,64,1258
26,1769,376,1256,1106,816,1490,1848,991,1086,602,577,1095
27,1769,620,499,1256,1214,1106,816
28,620,1256,816
29,836,1769,1256,816,898,1376,1742,248,980
30,1065,1769,359,499,1106,816,203,1003,382,976,1420,192,690,996,941,159,1849,1528,241,741,660,796,897
31,1769,499,1256,64,1258,1420,851,1645,180,387,1501,388
32,1469,1574,887,1256,735,816,964,998,264,1403
33,763,620,781,499,1256,64,1258,1648,225,1585,718
34,1769,1256,1106,261,816,1490,447,664,1041,1778,1079,1780,968,1568,74,105
35,52,597,1335,1672,1769,1256,261,1693,1770,850,19,810,1190,1721,876,1116,1120,756,217,1523,331,193,1296,1094,668,650
36,620,359,827,1106,1258,974,576
37,781,1256,261,816
38,1062,376,1256,261,1258,1519
39,1353,1256,1431,1557,426
40,134,1769,514,1294,599,95,537,1737,137,503,688
41,1769,1256,1106,816,864,1436,215,761
42,1769,1106,1431,285
43,1769,1256,827,64,1258,367,34,1192,1049
44,1769,592,1642,1258
45,359,592,735,816
46,1769,376,1106,261,1210,153,463,1557,1674
47,1295,1106,1258
48,1391,1256,816
49,781,1431,64,1258
50,1769,1106,153,1557,1486,642,191,440
51,1157,1769,710,376,1214,1106,1258,1654,1216
52,1769,1256,1294,261,735,224,95,1471,193
53,1769,1106,285,1760,283,889,1390,581,795,1724,833,1461
54,359,1256,1642,816,1791
55,1769,359,1256,1294,64,1258,1537,1655,1381,1124,1803,1413
56,1769,620,1294,1106,285,127,178,570
57,653,460,1769,827,1106,816,704,1838,414,911,152,1412,1754,1586,890,593,443,1222,1767
58,1769,592,1214,987,1258
59,1574,1463,1558,1256,1214,261,816,586
60,620,1106,738,816
